1,30,1077,546,112,109,0,3,1
2,30,1079,543,113,112,0,3,1
3,30,1082,540,113,115,0,3,1
4,30,1085,537,113,119,0,3,1
5,30,1084,537,114,123,0,3,1
6,30,1090,546,115,117,0,3,1
7,30,1088,548,117,109,0,3,1
8,30,1090,552,117,109,0,3,1
9,30,1092,557,118,109,0,3,1
10,30,1094,562,119,109,0,3,1
11,30,1094,561,120,110,0,3,1
12,30,1095,560,120,111,0,3,1
13,30,1096,559,121,113,0,3,1
14,30,1097,558,121,114,0,3,1
15,30,1097,558,123,115,0,3,1
16,30,1098,557,123,116,0,3,1
17,30,1099,556,124,118,0,3,1
18,30,1100,555,124,119,0,3,1
19,30,1101,555,125,120,0,3,1
20,30,1102,555,126,124,0,3,1
21,30,1103,556,127,127,0,3,1
22,30,1105,557,127,130,0,3,1
23,30,1106,558,128,133,0,3,1
24,30,1107,559,129,136,0,3,1
25,30,1109,560,130,139,0,3,1
26,30,1109,562,132,140,0,3,1
27,30,1109,565,134,141,0,3,1
28,30,1109,568,136,141,0,3,1
29,30,1110,571,138,142,0,3,1
30,30,1113,574,137,143,0,3,1
31,30,1116,578,137,144,0,3,1
32,30,1119,582,137,145,0,3,1
33,30,1120,576,138,147,0,3,1
34,30,1121,571,139,148,0,3,1
35,30,1123,566,139,149,0,3,1
36,30,1119,563,144,150,0,3,1
37,30,1123,562,142,151,0,3,1
38,30,1127,562,141,152,0,3,1
39,30,1127,564,144,153,0,3,1
40,30,1127,566,147,154,0,3,1
41,30,1127,568,150,155,0,3,1
42,30,1128,571,152,156,0,3,1
43,30,1129,572,153,157,0,3,1
44,30,1131,574,153,158,0,3,1
45,30,1133,575,153,160,0,3,1
46,30,1135,577,153,161,0,3,1
47,30,1136,578,155,162,0,3,1
48,30,1138,580,155,163,0,3,1
49,30,1140,581,155,165,0,3,1
50,30,1142,583,155,166,0,3,1
51,30,1144,585,156,167,0,3,1
52,30,1139,581,164,172,0,3,1
53,30,1147,579,159,178,0,3,1
54,30,1148,579,160,180,0,3,1
55,30,1150,580,161,182,0,3,1
56,30,1151,581,163,183,0,3,1
57,30,1153,582,164,185,0,3,1
58,30,1152,582,166,186,0,3,1
59,30,1151,583,169,186,0,3,1
60,30,1151,583,170,188,0,3,1
61,30,1150,584,173,188,0,3,1
62,30,1150,584,174,190,0,3,1
63,30,1149,585,177,190,0,3,1
64,30,1149,586,179,191,0,3,1
65,30,1148,586,181,193,0,3,1
66,30,1147,587,183,195,0,3,1
67,30,1146,587,185,198,0,3,1
68,30,1146,588,186,200,0,3,1
69,30,1145,589,188,201,0,3,1
70,30,1144,589,190,204,0,3,1
71,30,1143,590,192,206,0,3,1
72,30,1143,591,193,208,0,3,1
73,30,1141,591,195,210,0,3,1
74,30,1139,592,197,211,0,3,1
75,30,1137,593,200,212,0,3,1
76,30,1147,597,186,218,0,3,1
77,30,1141,597,193,219,0,3,1
78,30,1135,597,201,221,0,3,1
79,30,1130,598,208,222,0,3,1
80,30,1127,598,209,224,0,3,1
81,30,1125,599,210,226,0,3,1
82,30,1122,600,211,228,0,3,1
83,30,1120,601,212,230,0,3,1
84,30,1118,603,212,231,0,3,1
85,30,1116,606,212,231,0,3,1
86,30,1113,609,213,233,0,3,1
87,30,1110,612,214,236,0,3,1
88,30,1107,615,215,238,0,3,1
89,30,1104,619,217,240,0,3,1
90,30,1101,622,218,242,0,3,1
91,30,1098,625,219,245,0,3,1
92,30,1095,628,220,247,0,3,1
93,30,1093,632,221,249,0,3,1
94,30,1088,633,223,250,0,3,1
95,30,1083,634,226,252,0,3,1
96,30,1078,635,228,254,0,3,1
97,30,1074,636,230,256,0,3,1
98,30,1069,637,233,257,0,3,1
99,30,1064,638,235,259,0,3,1
100,30,1059,639,238,261,0,3,1
101,30,1055,641,240,262,0,3,1
102,30,1054,643,238,264,0,3,1
103,30,1054,645,236,267,0,3,1
104,30,1042,646,249,263,0,3,1
105,30,1038,647,249,265,0,3,1
106,30,1035,648,248,268,0,3,1
107,30,1031,649,249,270,0,3,1
108,30,1028,650,248,273,0,3,1
109,30,1024,651,249,275,0,3,1
110,30,1021,652,248,278,0,3,1
111,30,1018,653,248,281,0,3,1
112,30,1011,654,250,282,0,3,1
113,30,1005,655,251,284,0,3,1
114,30,999,656,252,286,0,3,1
115,30,992,657,254,287,0,3,1
116,30,986,658,255,289,0,3,1
117,30,980,659,256,291,0,3,1
118,30,974,660,258,293,0,3,1
119,30,969,657,259,295,0,3,1
120,30,964,654,261,297,0,3,1
121,30,952,654,273,300,0,3,1
122,30,946,655,272,301,0,3,1
123,30,941,656,271,303,0,3,1
124,30,936,657,269,304,0,3,1
125,30,931,658,268,306,0,3,1
126,30,925,659,268,305,0,3,1
127,30,919,660,269,305,0,3,1
128,30,913,661,270,304,0,3,1
129,30,907,662,271,304,0,3,1
130,30,901,663,271,303,0,3,1
131,30,895,664,272,303,0,3,1
132,30,889,665,273,302,0,3,1
133,30,883,666,274,302,0,3,1
134,30,877,667,274,301,0,3,1
135,30,871,668,275,301,0,3,1
136,30,865,669,276,300,0,3,1
137,30,859,670,277,300,0,3,1
138,30,853,672,278,299,0,3,1
139,30,847,670,278,299,0,3,1
140,30,841,669,279,298,0,3,1
141,30,835,668,280,297,0,3,1
142,30,829,667,281,297,0,3,1
143,30,821,667,283,297,0,3,1
144,30,813,668,286,296,0,3,1
145,30,806,668,288,296,0,3,1
146,30,798,669,291,296,0,3,1
147,30,791,669,293,296,0,3,1
148,30,783,670,296,295,0,3,1
149,30,776,671,298,295,0,3,1
150,30,770,670,295,295,0,3,1
151,30,765,670,291,295,0,3,1
152,30,760,670,287,295,0,3,1
153,30,755,670,283,294,0,3,1
154,30,750,670,279,294,0,3,1
155,30,745,670,275,294,0,3,1
156,30,735,669,278,299,0,3,1
157,30,725,668,281,305,0,3,1
158,30,715,667,284,311,0,3,1
159,30,708,666,283,311,0,3,1
160,30,702,666,282,310,0,3,1
161,30,695,666,281,309,0,3,1
162,30,689,666,280,308,0,3,1
163,30,683,666,278,307,0,3,1
164,30,676,666,278,306,0,3,1
165,30,670,666,276,305,0,3,1
166,30,664,666,275,304,0,3,1
167,30,657,666,274,303,0,3,1
168,30,651,666,273,302,0,3,1
169,30,645,666,272,301,0,3,1
170,30,639,666,273,297,0,3,1
171,30,633,666,275,294,0,3,1
172,30,628,666,276,291,0,3,1
173,30,622,666,274,290,0,3,1
174,30,617,666,271,289,0,3,1
175,30,612,666,268,288,0,3,1
176,30,606,666,266,287,0,3,1
177,30,601,666,263,286,0,3,1
178,30,596,666,261,286,0,3,1
179,30,590,665,261,286,0,3,1
180,30,585,664,260,286,0,3,1
181,30,579,664,260,285,0,3,1
182,30,574,663,259,285,0,3,1
183,30,569,663,258,284,0,3,1
184,30,563,662,258,284,0,3,1
185,30,558,662,257,283,0,3,1
186,30,553,661,256,283,0,3,1
187,30,547,660,256,283,0,3,1
188,30,542,660,255,282,0,3,1
189,30,537,659,254,282,0,3,1
190,30,531,659,254,281,0,3,1
191,30,526,658,253,281,0,3,1
192,30,521,658,253,281,0,3,1
193,30,515,657,253,281,0,3,1
194,30,510,657,253,280,0,3,1
195,30,505,657,253,280,0,3,1
196,30,500,657,252,279,0,3,1
197,30,495,657,252,279,0,3,1
198,30,490,657,252,278,0,3,1
199,30,485,657,252,278,0,3,1
200,30,479,657,252,277,0,3,1
201,30,474,657,252,277,0,3,1
202,30,469,657,252,276,0,3,1
203,30,464,657,252,276,0,3,1
204,30,459,657,251,275,0,3,1
205,30,454,657,251,275,0,3,1
206,30,449,657,251,274,0,3,1
207,30,444,657,251,274,0,3,1
208,30,441,656,251,274,0,3,1
209,30,438,656,251,273,0,3,1
210,30,435,655,251,273,0,3,1
211,30,432,655,251,272,0,3,1
212,30,430,655,250,271,0,3,1
213,30,427,654,250,271,0,3,1
214,30,424,654,250,270,0,3,1
215,30,421,653,250,270,0,3,1
216,30,418,653,250,269,0,3,1
217,30,416,653,250,269,0,3,1
218,30,414,652,253,268,0,3,1
219,30,413,652,255,267,0,3,1
220,30,411,652,258,265,0,3,1
221,30,410,652,260,264,0,3,1
222,30,408,652,259,264,0,3,1
223,30,407,652,257,264,0,3,1
224,30,406,652,256,264,0,3,1
225,30,405,652,254,264,0,3,1
226,30,403,652,253,264,0,3,1
227,30,402,652,252,264,0,3,1
228,30,401,652,250,264,0,3,1
229,30,400,653,249,263,0,3,1
230,30,398,651,252,262,0,3,1
231,30,397,649,254,262,0,3,1
232,30,396,647,256,261,0,3,1
233,30,395,645,258,261,0,3,1
234,30,393,643,261,261,0,3,1
235,30,392,641,263,260,0,3,1
236,30,391,639,265,260,0,3,1
237,30,390,637,267,260,0,3,1
238,30,394,636,268,260,0,3,1
239,30,399,636,268,259,0,3,1
240,30,404,636,268,259,0,3,1
241,30,406,635,269,257,0,3,1
242,30,408,635,271,255,0,3,1
243,30,410,634,272,254,0,3,1
244,30,413,634,273,252,0,3,1
245,30,417,636,274,252,0,3,1
246,30,422,638,274,252,0,3,1
247,30,425,636,275,253,0,3,1
248,30,429,634,275,255,0,3,1
249,30,433,633,275,256,0,3,1
250,30,439,633,277,256,0,3,1
251,30,445,633,279,256,0,3,1
252,30,452,633,280,257,0,3,1
253,30,458,634,282,256,0,3,1
254,30,464,634,284,256,0,3,1
255,30,471,634,285,257,0,3,1
256,30,477,634,287,257,0,3,1
257,30,484,635,289,257,0,3,1
258,30,492,635,292,256,0,3,1
259,30,501,635,295,255,0,3,1
260,30,509,635,298,255,0,3,1
261,30,518,635,301,254,0,3,1
262,30,526,635,304,254,0,3,1
263,30,535,635,307,253,0,3,1
264,30,543,635,310,253,0,3,1
265,30,552,635,313,252,0,3,1
266,30,560,635,316,252,0,3,1
267,30,569,635,319,251,0,3,1
268,30,578,636,322,250,0,3,1
269,30,590,633,323,250,0,3,1
270,30,602,631,324,249,0,3,1
271,30,614,629,325,249,0,3,1
272,30,625,628,329,248,0,3,1
273,30,637,627,332,247,0,3,1
274,30,649,627,336,245,0,3,1
275,30,661,626,339,244,0,3,1
276,30,673,626,343,243,0,3,1
277,30,688,632,368,238,0,3,1
278,30,702,632,339,237,0,3,1
279,30,717,632,346,238,0,3,1
280,30,729,630,352,240,0,3,1
281,30,742,629,357,241,0,3,1
282,30,754,627,363,243,0,3,1
283,30,767,626,368,245,0,3,1
284,30,782,624,370,247,0,3,1
285,30,798,623,372,249,0,3,1
286,30,814,622,374,251,0,3,1
287,30,830,620,376,253,0,3,1
288,30,846,619,378,255,0,3,1
289,30,862,618,380,257,0,3,1
290,30,878,619,386,253,0,3,1
291,30,894,621,392,249,0,3,1
292,30,912,623,392,247,0,3,1
293,30,930,624,395,248,0,3,1
294,30,948,625,399,249,0,3,1
295,30,966,626,403,250,0,3,1
296,30,985,628,406,250,0,3,1
297,30,1003,627,409,251,0,3,1
298,30,1021,627,413,251,0,3,1
299,30,1039,627,417,252,0,3,1
300,30,1058,626,424,253,0,3,1
301,30,1078,626,430,253,0,3,1
302,30,1099,627,428,254,0,3,1
303,30,1119,629,432,257,0,3,1
304,30,1140,631,436,261,0,3,1
305,30,1161,633,440,265,0,3,1
306,30,1183,632,446,266,0,3,1
307,30,1206,632,451,267,0,3,1
308,30,1229,632,456,267,0,3,1
309,30,1251,631,462,269,0,3,1
310,30,1274,631,467,269,0,3,1
311,30,1297,631,472,270,0,3,1
312,30,1321,631,465,272,0,3,1
313,30,1354,631,469,273,0,3,1
314,30,1373,631,481,275,0,3,1
315,30,1396,635,487,268,0,3,1
316,30,1419,640,494,261,0,3,1
317,30,1446,637,494,265,0,3,0.9596
318,30,1474,634,493,269,0,3,0.90486
319,30,1501,631,493,274,0,3,0.8502
320,30,1529,628,492,278,0,3,0.79513
321,30,1557,626,492,282,0,3,0.73834
322,30,1585,628,492,279,0,3,0.68154
323,30,1613,631,493,275,0,3,0.62348
324,30,1642,634,493,271,0,3,0.56478
325,30,1670,636,493,268,0,3,0.5081
326,30,1698,639,494,264,0,3,0.45051
327,30,1727,642,494,261,0,3,0.39192
328,30,1757,642,494,261,0,3,0.33131
329,30,1788,642,494,261,0,3,0.26869
330,30,1819,642,494,261,0,3,0.20606
331,30,1850,642,494,261,0,3,0.14343